594 404
223 301
328 100
330 411
360 288
296 345
262 129
238 240
378 366
292 375
582 74
236 116
412 315
467 258
417 220
205 133
471 351
284 37
275 80
578 136
222 175
589 202
134 253
578 199
62 60
247 363
403 398
377 266
118 187
173 51
241 92
149 224
306 73
231 195
554 31
32 238
481 243
64 313
428 376
366 255
176 220
272 171
152 126
522 70
46 35
403 226
317 292
574 91
243 405
377 81
119 353
390 224
356 94
252 99
544 101
495 37
141 334
391 146
516 432
100 127
532 123
249 362
408 190
457 374
332 33
408 108
591 401
511 93
50 153
53 158
