593  37
583  41
551  33
523  37
507  41
461  33
433  37
417  47
383  39
359  45
331  39
295  51
275  49
247  47
215  47
199  43
157  49
133  43
107  45
83  41
603  219
579  223
557  223
531  229
497  225
477  233
439  227
423  237
387  231
367  235
335  251
313  233
281  233
255  241
223  237
201  255
171  239
137  249
113  237
81  249
611  413
597  435
561  423
531  423
505  415
483  445
451  423
425  427
395  425
369  427
343  425
319  439
285  425
261  445
233  431
209  451
173  431
141  453
115  435
85  453
