155 256
70 227
38 372
522 309
143 79
178 168
241 205
358 335
388 190
240 254
491 288
102 140
115 39
395 361
132 144
34 237
276 138
454 325
93 344
234 349
66 303
159 166
463 138
505 303
529 343
319 370
530 240
470 217
131 370
273 394
319 127
159 236
71 244
350 180
533 129
470 35
260 123
314 75
432 374
397 175
243 78
391 243
542 112
350 405
215 239
73 144
215 31
272 377
453 250
335 244
520 183
332 201
140 123
502 340
538 104
266 400
325 50
255 181
77 353
306 329
527 270
242 209
182 180
209 252
238 306
419 117
379 99
118 35
208 268
115 94
