-0.304163 -0.0951677 1.066
0.0934715 0.0201605 1.047
-0.0123393 0.209768 1.007
2.15101 -2.33027 1.28
-0.0436032 0.0398116 1.083
0.0243267 -0.0280693 1.069
0.0623301 0.205878 1.079
0.0839715 0.0802394 1.066
-0.0625611 -0.0473948 1.083
0.0280693 -0.0542673 1.069
-0.282181 0.256693 1.04
0.0901683 0.213929 1.01
-0.0995509 0.00181002 1.034
-0.164519 0.0683955 1.056
-0.116126 0.10138 1.053
0.123851 0.197793 1.056
-0.169809 -0.0354546 1.066
0.0310679 0.301541 1.044
0.042033 0.250371 1.044
-0.279611 0.1992 1.044
0.0991781 0.147831 1.069
-0.300454 0.1235 1.053
0.196107 0.0678126 1.047
-0.276749 0.126461 1.047
0.283056 0.290758 1.1
0.0727753 -0.054115 1.066
2.15101 -2.33027 1.28
-0.0688489 0.0539627 1.063
0.211455 0.144089 1.069
0.151574 0.290049 1.069
0.0802394 0.24445 1.066
0.18508 0.104942 1.09
0.0169046 0.272352 1.073
0.0966854 0.13081 1.083
-0.257919 0.306162 1.06
0.32069 0.090254 1.097
-0.185641 0.0790351 1.05
0.284085 0.0135279 1.104
-0.113828 -0.0653112 1.066
-0.0500993 0.0649436 1.06
0.160547 0.111439 1.079
0.0515172 0.158368 1.09
0.185255 0.224257 1.114
-0.221001 0.252825 1.01
0.291931 0.318644 1.09
-0.0925787 0.0853176 1.037
0.00180477 0.0270715 1.031
-0.274106 0.241431 1.037
0.0707955 -0.0925787 1.037
-0.0673592 0.249411 1.04
0.21382 -0.0347229 1.044
-0.0819234 0.100129 1.04
-0.0456881 0.23575 1.044
0.0736628 0.239876 1.079
-0.247424 0.229097 1.047
-0.183342 0.292258 1.037
0.199053 -0.00966276 1.104
-0.0879504 0.185257 1.069
2.15101 -2.33027 1.28
0.241569 0.210648 1.104
-0.229753 0.204021 1.05
0.0755726 -0.0509676 1.004
-0.0939826 0.125901 1.013
2.15101 -2.33027 1.28
-0.0204686 0.303307 1.063
-0.0974153 0.226077 1.05
-0.307895 -0.0951677 1.066
-0.211016 0.249037 1.086
0.288115 0.177448 1.09
0.279865 0.170924 1.073
