
--------------------------Matricea A----------------------------------
44.5868 33.1543 -93.3 1 0 0 0 0 -2006.41 -1491.94 4198.5 -45 
0 0 0 0 44.5868 33.1543 -93.3 1 -1337.6 -994.629 2799 -30 
38.0275 28.7737 -82.6 1 0 0 0 0 -2737.98 -2071.71 5947.2 -72 
0 0 0 0 38.0275 28.7737 -82.6 1 -1140.83 -863.211 2478 -30 
35.7055 31.9958 -88.3 1 0 0 0 0 -3534.84 -3167.58 8741.7 -99 
0 0 0 0 35.7055 31.9958 -88.3 1 -1071.17 -959.874 2649 -30 
32.2304 32.2304 -90.7 1 0 0 0 0 -4061.03 -4061.03 11428.2 -126 
0 0 0 0 32.2304 32.2304 -90.7 1 -966.912 -966.912 2721 -30 
26.9076 28.6343 -82.2 1 0 0 0 0 -4116.86 -4381.05 12576.6 -153 
0 0 0 0 26.9076 28.6343 -82.2 1 -807.228 -859.029 2466 -30 
22.2632 32.6843 -90.2 1 0 0 0 0 -4007.38 -5883.17 16236 -180 
0 0 0 0 22.2632 32.6843 -90.2 1 -667.896 -980.529 2706 -30 
18.2575 32.7989 -92.3 1 0 0 0 0 -3779.3 -6789.37 19106.1 -207 
0 0 0 0 18.2575 32.7989 -92.3 1 -547.725 -983.967 2769 -30 
14.4838 28.8183 -85.3 1 0 0 0 0 -3389.21 -6743.48 19960.2 -234 
0 0 0 0 14.4838 28.8183 -85.3 1 -434.514 -864.549 2559 -30 
10.1018 32.2295 -91.6 1 0 0 0 0 -2636.57 -8411.9 23907.6 -261 
0 0 0 0 10.1018 32.2295 -91.6 1 -303.054 -966.885 2748 -30 
6.0282 30.141 -88.3 1 0 0 0 0 -1736.12 -8680.61 25430.4 -288 
0 0 0 0 6.0282 30.141 -88.3 1 -180.846 -904.23 2649 -30 
1.7407 31.8073 -90.4 1 0 0 0 0 -548.321 -10019.3 28476 -315 
0 0 0 0 1.7407 31.8073 -90.4 1 -52.221 -954.219 2712 -30 
-3.95613 29.9083 -90.4 1 0 0 0 0 1353 -10228.6 30916.8 -342 
0 0 0 0 -3.95613 29.9083 -90.4 1 118.684 -897.249 2712 -30 
-7.25495 30.7932 -92.1 1 0 0 0 0 2677.08 -11362.7 33984.9 -369 
0 0 0 0 -7.25495 30.7932 -92.1 1 217.649 -923.796 2763 -30 
-10.6574 28.1764 -83.4 1 0 0 0 0 4220.33 -11157.9 33026.4 -396 
0 0 0 0 -10.6574 28.1764 -83.4 1 319.722 -845.292 2502 -30 
-17.0201 31.2846 -92.6 1 0 0 0 0 7199.5 -13233.4 39169.8 -423 
0 0 0 0 -17.0201 31.2846 -92.6 1 510.603 -938.538 2778 -30 
-19.6137 31.933 -92.6 1 0 0 0 0 8826.16 -14369.9 41670 -450 
0 0 0 0 -19.6137 31.933 -92.6 1 588.411 -957.99 2778 -30 
-24.0249 28.1519 -84.2 1 0 0 0 0 11459.9 -13428.5 40163.4 -477 
0 0 0 0 -24.0249 28.1519 -84.2 1 720.747 -844.557 2526 -30 
-29.5919 31.1743 -90.4 1 0 0 0 0 14914.3 -15711.8 45561.6 -504 
0 0 0 0 -29.5919 31.1743 -90.4 1 887.757 -935.229 2712 -30 
-34.1537 31.2674 -91.6 1 0 0 0 0 18135.6 -16603 48639.6 -531 
0 0 0 0 -34.1537 31.2674 -91.6 1 1024.61 -938.022 2748 -30 
-37.6286 31.5953 -90.7 1 0 0 0 0 20996.8 -17630.2 50610.6 -558 
0 0 0 0 -37.6286 31.5953 -90.7 1 1128.86 -947.859 2721 -30 
46.22 3.42975 -93.3 1 0 0 0 0 -2079.9 -154.339 4198.5 -45 
0 0 0 0 46.22 3.42975 -93.3 1 -10168.4 -754.545 20526 -220 
41.8469 2.74671 -92.3 1 0 0 0 0 -3012.98 -197.763 6645.6 -72 
0 0 0 0 41.8469 2.74671 -92.3 1 -9206.32 -604.276 20306 -220 
38.7072 2.77647 -93.3 1 0 0 0 0 -3832.01 -274.871 9236.7 -99 
0 0 0 0 38.7072 2.77647 -93.3 1 -8515.58 -610.823 20526 -220 
33.3897 1.7407 -90.4 1 0 0 0 0 -4207.1 -219.328 11390.4 -126 
0 0 0 0 33.3897 1.7407 -90.4 1 -7345.73 -382.954 19888 -220 
28.846 2.44457 -93.1 1 0 0 0 0 -4413.44 -374.019 14244.3 -153 
0 0 0 0 28.846 2.44457 -93.1 1 -6346.12 -537.805 20482 -220 
24.2674 1.08198 -88.3 1 0 0 0 0 -4368.13 -194.756 15894 -180 
0 0 0 0 24.2674 1.08198 -88.3 1 -5338.83 -238.036 19426 -220 
19.3936 2.11863 -93.1 1 0 0 0 0 -4014.48 -438.556 19271.7 -207 
0 0 0 0 19.3936 2.11863 -93.1 1 -4266.59 -466.099 20482 -220 
15.8846 0.462657 -88.1 1 0 0 0 0 -3717 -108.262 20615.4 -234 
0 0 0 0 15.8846 0.462657 -88.1 1 -3494.61 -101.785 19382 -220 
10.9191 1.46674 -93.1 1 0 0 0 0 -2849.89 -382.819 24299.1 -261 
0 0 0 0 10.9191 1.46674 -93.1 1 -2402.2 -322.683 20482 -220 
7.21539 0.767594 -87.7 1 0 0 0 0 -2078.03 -221.067 25257.6 -288 
0 0 0 0 7.21539 0.767594 -87.7 1 -1587.39 -168.871 19294 -220 
2.17937 -1.59821 -83 1 0 0 0 0 -686.502 503.436 26145 -315 
0 0 0 0 2.17937 -1.59821 -83 1 -479.461 351.606 18260 -220 
-1.10772 1.10772 -90.4 1 0 0 0 0 378.84 -378.84 30916.8 -342 
0 0 0 0 -1.10772 1.10772 -90.4 1 243.698 -243.698 19888 -220 
-6.23983 1.11997 -91.4 1 0 0 0 0 2302.5 -413.269 33726.6 -369 
0 0 0 0 -6.23983 1.11997 -91.4 1 1372.76 -246.393 20108 -220 
-10.1266 -0.155795 -89 1 0 0 0 0 4010.13 61.6948 35244 -396 
0 0 0 0 -10.1266 -0.155795 -89 1 2227.85 34.2749 19580 -220 
-15.7573 0.487339 -92.8 1 0 0 0 0 6665.34 -206.144 39254.4 -423 
0 0 0 0 -15.7573 0.487339 -92.8 1 3466.61 -107.215 20416 -220 
-17.0814 -2.15311 -82 1 0 0 0 0 7686.63 968.9 36900 -450 
0 0 0 0 -17.0814 -2.15311 -82 1 3757.91 473.684 18040 -220 
-23.8915 0.160346 -91.6 1 0 0 0 0 11396.2 -76.485 43693.2 -477 
0 0 0 0 -23.8915 0.160346 -91.6 1 5256.13 -35.2761 20152 -220 
-27.4533 -1.35016 -85.7 1 0 0 0 0 13836.5 680.481 43192.8 -504 
0 0 0 0 -27.4533 -1.35016 -85.7 1 6039.73 297.035 18854 -220 
-33.3728 0.483663 -92.1 1 0 0 0 0 17721 -256.825 48905.1 -531 
0 0 0 0 -33.3728 0.483663 -92.1 1 7342.02 -106.406 20262 -220 
-34.641 -1.30447 -82.8 1 0 0 0 0 19329.7 727.894 46202.4 -558 
0 0 0 0 -34.641 -1.30447 -82.8 1 7621.02 286.983 18216 -220 
47.4247 -28.1941 -93.1 1 0 0 0 0 -2134.11 1268.73 4189.5 -45 
0 0 0 0 47.4247 -28.1941 -93.1 1 -19444.1 11559.6 38171 -410 
40.4397 -28.4684 -83.4 1 0 0 0 0 -2911.66 2049.72 6004.8 -72 
0 0 0 0 40.4397 -28.4684 -83.4 1 -16580.3 11672 34194 -410 
37.5465 -28.5104 -89 1 0 0 0 0 -3717.1 2822.53 8811 -99 
0 0 0 0 37.5465 -28.5104 -89 1 -15394.1 11689.3 36490 -410 
33.0573 -28.6706 -89.5 1 0 0 0 0 -4165.22 3612.5 11277 -126 
0 0 0 0 33.0573 -28.6706 -89.5 1 -13553.5 11754.9 36695 -410 
29.9878 -28.3669 -92.6 1 0 0 0 0 -4588.13 4340.14 14167.8 -153 
0 0 0 0 29.9878 -28.3669 -92.6 1 -12295 11630.4 37966 -410 
23.9108 -30.0718 -83.8 1 0 0 0 0 -4303.94 5412.92 15084 -180 
0 0 0 0 23.9108 -30.0718 -83.8 1 -9803.43 12329.4 34358 -410 
21.2805 -29.7277 -92.8 1 0 0 0 0 -4405.06 6153.63 19209.6 -207 
0 0 0 0 21.2805 -29.7277 -92.8 1 -8725.01 12188.4 38048 -410 
16.1562 -28.7735 -87.9 1 0 0 0 0 -3780.55 6733 20568.6 -234 
0 0 0 0 16.1562 -28.7735 -87.9 1 -6624.04 11797.1 36039 -410 
11.9603 -29.5021 -91.1 1 0 0 0 0 -3121.64 7700.05 23777.1 -261 
0 0 0 0 11.9603 -29.5021 -91.1 1 -4903.72 12095.9 37351 -410 
7.49669 -28.6098 -87.4 1 0 0 0 0 -2159.05 8239.62 25171.2 -288 
0 0 0 0 7.49669 -28.6098 -87.4 1 -3073.64 11730 35834 -410 
3.70808 -29.8259 -92.1 1 0 0 0 0 -1168.05 9395.16 29011.5 -315 
0 0 0 0 3.70808 -29.8259 -92.1 1 -1520.31 12228.6 37761 -410 
-0.151943 -30.2367 -86.8 1 0 0 0 0 51.9645 10341 29685.6 -342 
0 0 0 0 -0.151943 -30.2367 -86.8 1 62.2966 12397 35588 -410 
-5.704 -30.1497 -93.1 1 0 0 0 0 2104.78 11125.2 34353.9 -369 
0 0 0 0 -5.704 -30.1497 -93.1 1 2338.64 12361.4 38171 -410 
-8.78909 -30.5383 -85.1 1 0 0 0 0 3480.48 12093.2 33699.6 -396 
0 0 0 0 -8.78909 -30.5383 -85.1 1 3603.53 12520.7 34891 -410 
-14.0262 -30.7932 -92.1 1 0 0 0 0 5933.08 13025.5 38958.3 -423 
0 0 0 0 -14.0262 -30.7932 -92.1 1 5750.74 12625.2 37761 -410 
-16.2051 -30.8042 -83.4 1 0 0 0 0 7292.3 13861.9 37530 -450 
0 0 0 0 -16.2051 -30.8042 -83.4 1 6644.09 12629.7 34194 -410 
-23.8282 -30.9604 -92.6 1 0 0 0 0 11366.1 14768.1 44170.2 -477 
0 0 0 0 -23.8282 -30.9604 -92.6 1 9769.56 12693.8 37966 -410 
-26.0698 -31.0217 -83.2 1 0 0 0 0 13139.2 15634.9 41932.8 -504 
0 0 0 0 -26.0698 -31.0217 -83.2 1 10688.6 12718.9 34112 -410 
-33.4809 -31.8477 -93.3 1 0 0 0 0 17778.4 16911.1 49542.3 -531 
0 0 0 0 -33.4809 -31.8477 -93.3 1 13727.2 13057.6 38253 -410 
-34.3903 -31.1708 -83.6 1 0 0 0 0 19189.8 17393.3 46648.8 -558 
0 0 0 0 -34.3903 -31.1708 -83.6 1 14100 12780 34276 -410 

------------------------Coordonate proiector----------------------------------
45 30 
72 30 
99 30 
126 30 
153 30 
180 30 
207 30 
234 30 
261 30 
288 30 
315 30 
342 30 
369 30 
396 30 
423 30 
450 30 
477 30 
504 30 
531 30 
558 30 
45 220 
72 220 
99 220 
126 220 
153 220 
180 220 
207 220 
234 220 
261 220 
288 220 
315 220 
342 220 
369 220 
396 220 
423 220 
450 220 
477 220 
504 220 
531 220 
558 220 
45 410 
72 410 
99 410 
126 410 
153 410 
180 410 
207 410 
234 410 
261 410 
288 410 
315 410 
342 410 
369 410 
396 410 
423 410 
450 410 
477 410 
504 410 
531 410 
558 410 

------------------------Coordonate Kinect----------------------------------
44.5868 33.1543  -93.3 
38.0275 28.7737  -82.6 
35.7055 31.9958  -88.3 
32.2304 32.2304  -90.7 
26.9076 28.6343  -82.2 
22.2632 32.6843  -90.2 
18.2575 32.7989  -92.3 
14.4838 28.8183  -85.3 
10.1018 32.2295  -91.6 
6.0282 30.141  -88.3 
1.7407 31.8073  -90.4 
-3.95613 29.9083  -90.4 
-7.25495 30.7932  -92.1 
-10.6574 28.1764  -83.4 
-17.0201 31.2846  -92.6 
-19.6137 31.933  -92.6 
-24.0249 28.1519  -84.2 
-29.5919 31.1743  -90.4 
-34.1537 31.2674  -91.6 
-37.6286 31.5953  -90.7 
46.22 3.42975  -93.3 
41.8469 2.74671  -92.3 
38.7072 2.77647  -93.3 
33.3897 1.7407  -90.4 
28.846 2.44457  -93.1 
24.2674 1.08198  -88.3 
19.3936 2.11863  -93.1 
15.8846 0.462657  -88.1 
10.9191 1.46674  -93.1 
7.21539 0.767594  -87.7 
2.17937 -1.59821  -83 
-1.10772 1.10772  -90.4 
-6.23983 1.11997  -91.4 
-10.1266 -0.155795  -89 
-15.7573 0.487339  -92.8 
-17.0814 -2.15311  -82 
-23.8915 0.160346  -91.6 
-27.4533 -1.35016  -85.7 
-33.3728 0.483663  -92.1 
-34.641 -1.30447  -82.8 
47.4247 -28.1941  -93.1 
40.4397 -28.4684  -83.4 
37.5465 -28.5104  -89 
33.0573 -28.6706  -89.5 
29.9878 -28.3669  -92.6 
23.9108 -30.0718  -83.8 
21.2805 -29.7277  -92.8 
16.1562 -28.7735  -87.9 
11.9603 -29.5021  -91.1 
7.49669 -28.6098  -87.4 
3.70808 -29.8259  -92.1 
-0.151943 -30.2367  -86.8 
-5.704 -30.1497  -93.1 
-8.78909 -30.5383  -85.1 
-14.0262 -30.7932  -92.1 
-16.2051 -30.8042  -83.4 
-23.8282 -30.9604  -92.6 
-26.0698 -31.0217  -83.2 
-33.4809 -31.8477  -93.3 
-34.3903 -31.1708  -83.6 

---------------------Valori singulare---------------------------------
9.05833e+010   7.56583e+009   4.92984e+009   426380   132633   36877.8   20138.1   13464   7798.83   28.6195   0.0505251   0.0196439   
----------------------Vectori valori singulare-----------------------------
-0.000152371   -6.60449e-006   -0.00157997   1.77392e-005   6.31897e-005   -0.000223718   -0.00116477   1.30532e-005   0.0869596   0.102654   0.990845   -0.0111349   


0.000872011   -0.00115235   0.00159392   -1.77935e-005   0.000806924   -0.000815216   -0.00223014   2.48888e-005   -0.64885   0.760595   -0.021852   0.000218845   


-0.00107685   -0.00145088   0.00191985   -2.09046e-005   -0.00136163   -0.000352043   0.00124964   -1.33355e-005   0.755925   0.641051   -0.132741   0.00101151   


0.0809933   -0.0537544   -0.592596   0.00663361   -0.0139151   -0.0485188   0.79791   -0.00893005   -0.00157998   0.00202006   -0.000149816   -0.00660832   


-0.295573   0.111532   0.698893   -0.00779153   0.111916   -0.329959   0.538571   -0.00605539   -0.00154375   -0.00111267   0.00202481   0.013582   


-0.457198   -0.376954   -0.0306233   0.000462568   0.630702   0.497483   0.039781   -0.000665314   1.49461e-005   1.17543e-005   0.000364135   0.0328756   


0.0214907   -0.115507   0.0158589   -0.00171137   -0.100651   -0.00510725   0.00793291   -0.00117603   0.00015383   5.82832e-005   0.0111228   0.987723   


0.311401   0.546997   -0.115677   0.000978448   0.719543   -0.220973   -0.0804639   0.000865558   0.0020545   0.00121718   0.00085218   0.131869   


-0.439059   0.727566   -0.0905309   0.000990614   -0.247903   0.447709   0.0498274   -0.000707816   -0.000913511   0.00190339   0.000668813   0.0727368   


0.63724   0.0259543   0.370785   0.0278018   -0.0128254   0.62548   0.249515   -0.0326112   4.29752e-005   1.72618e-005   0.000929659   -0.0168609   


0.0232749   0.000867289   0.0109018   -0.246159   -0.000449461   0.0232025   0.0200807   0.968403   9.97177e-007   6.00956e-007   4.20035e-005   5.8916e-005   


-0.0149146   -0.000579909   0.00206017   0.968774   0.000297043   -0.0148571   -0.00316495   0.247011   -6.51397e-007   -2.7888e-007   -2.17453e-006   0.00217514   



----------------------Homography----------------------------------
-0.0149146 -0.000579909 0.00206017 0.968774 
0.000297043 -0.0148571 -0.00316495 0.247011 
-6.51397e-007 -2.7888e-007 -2.17453e-006 0.00217514 

-----------------Projection matrix-------------------------
-6521.26 -253.56 900.79 423587 
129.879 -6496.13 -1383.84 108003 
0 0 0 -1 
-0.284817 -0.121938 -0.950795 951.061 

-----------------invViewPort matrix-------------------------
0.003125  0  0  -1  
0  0.00416667  0  -1  
0  0  1337.62  1.63503  
0  0  0  1  

-----------------Full projection matrix-------------------------
20.0941 0.670436 -3.76576 -372.649 
-0.825981 26.9453 4.81522 501.049 
0.465685 0.199372 1.55458 -217.398 
0.284817 0.121938 0.950795 -951.061 

-----------------Projection matrix-------------------------
20.0941f,  0.670436f,  -3.76576f,  -372.649f,  
-0.825981f,  26.9453f,  4.81522f,  501.049f,  
0.465685f,  0.199372f,  1.55458f,  -217.398f,  
0.284817f,  0.121938f,  0.950795f,  -951.061f,  
