
--------------------------Matricea A----------------------------------
0.334815 0.0565271 -0.828 1 0 0 0 0 -37.8341 -6.38756 93.564 -113 
0 0 0 0 0.334815 0.0565271 -0.828 1 -59.5971 -10.0618 147.384 -178 
0.399781 -0.114425 -0.807 1 0 0 0 0 -21.1884 6.06452 42.771 -53 
0 0 0 0 0.399781 -0.114425 -0.807 1 -115.537 33.0688 233.223 -289 
0.0109301 -0.104617 -0.892 1 0 0 0 0 -3.47577 33.2682 283.656 -318 
0 0 0 0 0.0109301 -0.104617 -0.892 1 -3.27903 31.3851 267.6 -300 
-0.201568 0.0815505 -0.879 1 0 0 0 0 91.1087 -36.8608 397.308 -452 
0 0 0 0 -0.201568 0.0815505 -0.879 1 36.0807 -14.5975 157.341 -179 
-0.312674 -0.149122 -0.916 1 0 0 0 0 158.526 75.6049 464.412 -507 
0 0 0 0 -0.312674 -0.149122 -0.916 1 101.619 48.4646 297.7 -325 
0.0607599 0.148005 -0.89 1 0 0 0 0 -17.6811 -43.0695 258.99 -291 
0 0 0 0 0.0607599 0.148005 -0.89 1 -8.20259 -19.9807 120.15 -135 
-0.0716042 0.192536 -0.909 1 0 0 0 0 26.4936 -71.2383 336.33 -370 
0 0 0 0 -0.0716042 0.192536 -0.909 1 8.16288 -21.9491 103.626 -114 
0.247157 0.0823855 -0.888 1 0 0 0 0 -42.0167 -14.0055 150.96 -170 
0 0 0 0 0.247157 0.0823855 -0.888 1 -42.0167 -14.0055 150.96 -170 
-0.0258304 0.235512 -0.868 1 0 0 0 0 9.01481 -82.1937 302.932 -349 
0 0 0 0 -0.0258304 0.235512 -0.868 1 2.0406 -18.6054 68.572 -79 
-0.129747 0.00457931 -0.872 1 0 0 0 0 53.326 -1.8821 358.392 -411 
0 0 0 0 -0.129747 0.00457931 -0.872 1 29.1931 -1.03034 196.2 -225 
0.274785 -0.274785 -0.897 1 0 0 0 0 -42.8665 42.8665 139.932 -156 
0 0 0 0 0.274785 -0.274785 -0.897 1 -109.09 109.09 356.109 -397 
0.291336 0.148005 -0.89 1 0 0 0 0 -40.2044 -20.4247 122.82 -138 
0 0 0 0 0.291336 0.148005 -0.89 1 -37.5823 -19.0926 114.81 -129 
0.0761678 -0.18187 -0.888 1 0 0 0 0 -21.0985 50.378 245.976 -277 
0 0 0 0 0.0761678 -0.18187 -0.888 1 -26.5826 63.4726 309.912 -349 
-0.0108566 -0.100811 -0.886 1 0 0 0 0 3.53925 32.8644 288.836 -326 
0 0 0 0 -0.0108566 -0.100811 -0.886 1 3.18098 29.5376 259.598 -293 
-0.0884038 -0.184562 -0.886 1 0 0 0 0 32.8862 68.6571 329.592 -372 
0 0 0 0 -0.0884038 -0.184562 -0.886 1 30.2341 63.1202 303.012 -342 
0.180846 0.0571906 -0.883 1 0 0 0 0 -39.2436 -12.4104 191.611 -217 
0 0 0 0 0.180846 0.0571906 -0.883 1 -34.1799 -10.809 166.887 -189 
-0.173872 0.213878 -0.879 1 0 0 0 0 76.1559 -93.6786 385.002 -438 
0 0 0 0 -0.173872 0.213878 -0.879 1 17.0395 -20.96 86.142 -98 
0.02711 0.183391 -0.911 1 0 0 0 0 -8.37699 -56.6678 281.499 -309 
0 0 0 0 0.02711 0.183391 -0.911 1 -3.22609 -21.8235 108.409 -119 
0.460068 0.168011 -0.897 1 0 0 0 0 -15.1822 -5.54436 29.601 -33 
0 0 0 0 0.460068 0.168011 -0.897 1 -55.2082 -20.1613 107.64 -120 
-0.272166 0.166908 -0.859 1 0 0 0 0 136.899 -83.9547 432.077 -503 
0 0 0 0 -0.272166 0.166908 -0.859 1 34.2929 -21.0304 108.234 -126 
-0.372274 0.15524 -0.861 1 0 0 0 0 209.218 -87.2449 483.882 -562 
0 0 0 0 -0.372274 0.15524 -0.861 1 50.257 -20.9574 116.235 -135 
-0.21939 0.300753 -0.83 1 0 0 0 0 102.894 -141.053 389.27 -469 
0 0 0 0 -0.21939 0.300753 -0.83 1 7.45926 -10.2256 28.22 -34 
-0.221946 0.276358 -0.818 1 0 0 0 0 105.868 -131.823 390.186 -477 
0 0 0 0 -0.221946 0.276358 -0.818 1 9.98757 -12.4361 36.81 -45 
0.0216887 -0.0795252 -0.826 1 0 0 0 0 -6.81025 24.9709 259.364 -314 
0 0 0 0 0.0216887 -0.0795252 -0.826 1 -5.9427 21.7899 226.324 -274 
0.0910925 -0.0621743 -0.826 1 0 0 0 0 -24.3217 16.6005 220.542 -267 
0 0 0 0 0.0910925 -0.0621743 -0.826 1 -23.7751 16.2275 215.586 -261 
0.187522 0.00150018 -0.857 1 0 0 0 0 -39.1921 -0.313538 179.113 -209 
0 0 0 0 0.187522 0.00150018 -0.857 1 -41.0673 -0.328539 187.683 -219 
-0.319081 -0.0191155 -0.84 1 0 0 0 0 166.241 9.95918 437.64 -521 
0 0 0 0 -0.319081 -0.0191155 -0.84 1 76.2604 4.5686 200.76 -239 
0.251354 -0.280413 -0.83 1 0 0 0 0 -41.7248 46.5486 137.78 -166 
0 0 0 0 0.251354 -0.280413 -0.83 1 -100.542 112.165 332 -400 
0.268292 0.159341 -0.778 1 0 0 0 0 -39.9755 -23.7418 115.922 -149 
0 0 0 0 0.268292 0.159341 -0.778 1 -26.2926 -15.6154 76.244 -98 
0.411553 0.197362 -0.874 1 0 0 0 0 -23.8701 -11.447 50.692 -58 
0 0 0 0 0.411553 0.197362 -0.874 1 -39.9206 -19.1441 84.778 -97 
-0.261952 0.311708 -0.836 1 0 0 0 0 129.928 -154.607 414.656 -496 
0 0 0 0 -0.261952 0.311708 -0.836 1 8.38246 -9.97466 26.752 -32 
0.236174 -0.247909 -0.838 1 0 0 0 0 -40.8581 42.8883 144.974 -173 
0 0 0 0 0.236174 -0.247909 -0.838 1 -89.2738 93.7096 316.764 -378 
0.164283 0.218541 -0.861 1 0 0 0 0 -35.6494 -47.4234 186.837 -217 
0 0 0 0 0.164283 0.218541 -0.861 1 -13.7998 -18.3574 72.324 -84 
-0.33454 -0.0735087 -0.857 1 0 0 0 0 178.31 39.1801 456.781 -533 
0 0 0 0 -0.33454 -0.0735087 -0.857 1 94.6748 20.803 242.531 -283 
-0.069992 0.0328534 -0.816 1 0 0 0 0 25.6871 -12.0572 299.472 -367 
0 0 0 0 -0.069992 0.0328534 -0.816 1 13.6484 -6.40641 159.12 -195 
0.377611 0.0571293 -0.796 1 0 0 0 0 -26.4328 -3.99905 55.72 -70 
0 0 0 0 0.377611 0.0571293 -0.796 1 -66.0819 -9.99763 139.3 -175 
0.057756 0.265085 -0.846 1 0 0 0 0 -16.9803 -77.935 248.724 -294 
0 0 0 0 0.057756 0.265085 -0.846 1 -3.06107 -14.0495 44.838 -53 
0.0484083 0.0249376 -0.838 1 0 0 0 0 -14.1836 -7.30672 245.534 -293 
0 0 0 0 0.0484083 0.0249376 -0.838 1 -10.0689 -5.18702 174.304 -208 
-0.0841465 -0.0321287 -0.874 1 0 0 0 0 32.0598 12.241 332.994 -381 
0 0 0 0 -0.0841465 -0.0321287 -0.874 1 21.5415 8.22495 223.744 -256 
-0.233709 0.280728 -0.79 1 0 0 0 0 111.479 -133.907 376.83 -477 
0 0 0 0 -0.233709 0.280728 -0.79 1 7.24498 -8.70257 24.49 -31 
-0.35236 -0.0230803 -0.879 1 0 0 0 0 192.741 12.6249 480.813 -547 
0 0 0 0 -0.35236 -0.0230803 -0.879 1 88.09 5.77008 219.75 -250 
0.197089 0.0335781 -0.834 1 0 0 0 0 -39.0236 -6.64846 165.132 -198 
0 0 0 0 0.197089 0.0335781 -0.834 1 -39.0236 -6.64846 165.132 -198 
-0.046271 0.138813 -0.801 1 0 0 0 0 17.1665 -51.4996 297.171 -371 
0 0 0 0 -0.046271 0.138813 -0.801 1 5.7376 -17.2128 99.324 -124 
0.197131 0.0417284 -0.822 1 0 0 0 0 -40.4119 -8.55432 168.51 -205 
0 0 0 0 0.197131 0.0417284 -0.822 1 -36.8635 -7.80321 153.714 -187 
0.198304 0.263884 -0.892 1 0 0 0 0 -38.471 -51.1935 173.048 -194 
0 0 0 0 0.198304 0.263884 -0.892 1 -11.8982 -15.833 53.52 -60 
-0.213918 -0.245147 -0.892 1 0 0 0 0 97.1188 111.297 404.968 -454 
0 0 0 0 -0.213918 -0.245147 -0.892 1 82.5723 94.6267 344.312 -386 
-0.0395613 -0.197807 -0.904 1 0 0 0 0 13.8465 69.2325 316.4 -350 
0 0 0 0 -0.0395613 -0.197807 -0.904 1 14.0838 70.4193 321.824 -356 
0.322789 0.181292 -0.842 1 0 0 0 0 -35.8296 -20.1234 93.462 -111 
0 0 0 0 0.322789 0.181292 -0.842 1 -32.2789 -18.1292 84.2 -100 
-0.366245 0.0376795 -0.861 1 0 0 0 0 206.196 -21.2136 484.743 -563 
0 0 0 0 -0.366245 0.0376795 -0.861 1 78.3764 -8.06341 184.254 -214 
0.126404 -0.294942 -0.83 1 0 0 0 0 -31.4746 73.4406 206.67 -249 
0 0 0 0 0.126404 -0.294942 -0.83 1 -51.4464 120.041 337.81 -407 
-0.283115 -0.168696 -0.838 1 0 0 0 0 143.256 85.3602 424.028 -506 
0 0 0 0 -0.283115 -0.168696 -0.838 1 95.1266 56.6819 281.568 -336 
0.341435 -0.100251 -0.83 1 0 0 0 0 -33.1192 9.72435 80.51 -97 
0 0 0 0 0.341435 -0.100251 -0.83 1 -94.9189 27.8698 230.74 -278 
0.330844 -0.0514647 -0.84 1 0 0 0 0 -32.7536 5.09501 83.16 -99 
0 0 0 0 0.330844 -0.0514647 -0.84 1 -84.0344 13.072 213.36 -254 
-0.309329 -0.0926417 -0.897 1 0 0 0 0 157.448 47.1546 456.573 -509 
0 0 0 0 -0.309329 -0.0926417 -0.897 1 90.6334 27.144 262.821 -293 
-0.138268 0.196007 -0.868 1 0 0 0 0 56.5516 -80.1669 355.012 -409 
0 0 0 0 -0.138268 0.196007 -0.868 1 15.486 -21.9528 97.216 -112 
-0.00431673 -0.205764 -0.822 1 0 0 0 0 1.4461 68.9309 275.37 -335 
0 0 0 0 -0.00431673 -0.205764 -0.822 1 1.52812 72.8405 290.988 -354 
0.108557 -0.108557 -0.785 1 0 0 0 0 -29.0933 29.0933 210.38 -268 
0 0 0 0 0.108557 -0.108557 -0.785 1 -31.1559 31.1559 225.295 -287 
-0.299547 -0.262636 -0.811 1 0 0 0 0 156.963 137.621 424.964 -524 
0 0 0 0 -0.299547 -0.262636 -0.811 1 118.321 103.741 320.345 -395 
-0.263284 0.220589 -0.813 1 0 0 0 0 132.695 -111.177 409.752 -504 
0 0 0 0 -0.263284 0.220589 -0.813 1 22.3791 -18.7501 69.105 -85 
0.35887 0.228108 -0.83 1 0 0 0 0 -34.8104 -22.1265 80.51 -97 
0 0 0 0 0.35887 0.228108 -0.83 1 -22.2499 -14.1427 51.46 -62 
-0.248809 0.0656367 -0.872 1 0 0 0 0 119.677 -31.5713 419.432 -481 
0 0 0 0 -0.248809 0.0656367 -0.872 1 46.5273 -12.2741 163.064 -187 
-0.0229491 -0.00152994 -0.874 1 0 0 0 0 7.82564 0.52171 298.034 -341 
0 0 0 0 -0.0229491 -0.00152994 -0.874 1 5.34714 0.356476 203.642 -233 
0.280887 -0.0549885 -0.849 1 0 0 0 0 -41.0095 8.02832 123.954 -146 
0 0 0 0 0.280887 -0.0549885 -0.849 1 -71.9071 14.0771 217.344 -256 
-0.325885 0.144061 -0.799 1 0 0 0 0 174.023 -76.9286 426.666 -534 
0 0 0 0 -0.325885 0.144061 -0.799 1 42.365 -18.7279 103.87 -130 
0.0622303 -0.230943 -0.79 1 0 0 0 0 -18.109 67.2044 229.89 -291 
0 0 0 0 0.0622303 -0.230943 -0.79 1 -22.7763 84.5251 289.14 -366 
0.15239 0.0728821 -0.757 1 0 0 0 0 -36.4212 -17.4188 180.923 -239 
0 0 0 0 0.15239 0.0728821 -0.757 1 -23.0109 -11.0052 114.307 -151 
0.14951 0.121397 -0.73 1 0 0 0 0 -33.4902 -27.1929 163.52 -224 
0 0 0 0 0.14951 0.121397 -0.73 1 -16.7451 -13.5965 81.76 -112 
0.153195 -0.0359675 -0.761 1 0 0 0 0 -35.6944 8.38043 177.313 -233 
0 0 0 0 0.153195 -0.0359675 -0.761 1 -35.388 8.30849 175.791 -231 
0.408257 -0.122901 -0.807 1 0 0 0 0 -20.4128 6.14505 40.35 -50 
0 0 0 0 0.408257 -0.122901 -0.807 1 -121.252 36.5016 239.679 -297 
-0.298639 0.201619 -0.866 1 0 0 0 0 155.89 -105.245 452.052 -522 
0 0 0 0 -0.298639 0.201619 -0.866 1 32.5517 -21.9765 94.394 -109 

------------------------Coordonate proiector----------------------------------
113 178 
53 289 
318 300 
452 179 
507 325 
291 135 
370 114 
170 170 
349 79 
411 225 
156 397 
138 129 
277 349 
326 293 
372 342 
217 189 
438 98 
309 119 
33 120 
503 126 
562 135 
469 34 
477 45 
314 274 
267 261 
209 219 
521 239 
166 400 
149 98 
58 97 
496 32 
173 378 
217 84 
533 283 
367 195 
70 175 
294 53 
293 208 
381 256 
477 31 
547 250 
198 198 
371 124 
205 187 
194 60 
454 386 
350 356 
111 100 
563 214 
249 407 
506 336 
97 278 
99 254 
509 293 
409 112 
335 354 
268 287 
524 395 
504 85 
97 62 
481 187 
341 233 
146 256 
534 130 
291 366 
239 151 
224 112 
233 231 
50 297 
522 109 

------------------------Coordonate Kinect----------------------------------
0.334815 0.0565271  -0.828 
0.399781 -0.114425  -0.807 
0.0109301 -0.104617  -0.892 
-0.201568 0.0815505  -0.879 
-0.312674 -0.149122  -0.916 
0.0607599 0.148005  -0.89 
-0.0716042 0.192536  -0.909 
0.247157 0.0823855  -0.888 
-0.0258304 0.235512  -0.868 
-0.129747 0.00457931  -0.872 
0.274785 -0.274785  -0.897 
0.291336 0.148005  -0.89 
0.0761678 -0.18187  -0.888 
-0.0108566 -0.100811  -0.886 
-0.0884038 -0.184562  -0.886 
0.180846 0.0571906  -0.883 
-0.173872 0.213878  -0.879 
0.02711 0.183391  -0.911 
0.460068 0.168011  -0.897 
-0.272166 0.166908  -0.859 
-0.372274 0.15524  -0.861 
-0.21939 0.300753  -0.83 
-0.221946 0.276358  -0.818 
0.0216887 -0.0795252  -0.826 
0.0910925 -0.0621743  -0.826 
0.187522 0.00150018  -0.857 
-0.319081 -0.0191155  -0.84 
0.251354 -0.280413  -0.83 
0.268292 0.159341  -0.778 
0.411553 0.197362  -0.874 
-0.261952 0.311708  -0.836 
0.236174 -0.247909  -0.838 
0.164283 0.218541  -0.861 
-0.33454 -0.0735087  -0.857 
-0.069992 0.0328534  -0.816 
0.377611 0.0571293  -0.796 
0.057756 0.265085  -0.846 
0.0484083 0.0249376  -0.838 
-0.0841465 -0.0321287  -0.874 
-0.233709 0.280728  -0.79 
-0.35236 -0.0230803  -0.879 
0.197089 0.0335781  -0.834 
-0.046271 0.138813  -0.801 
0.197131 0.0417284  -0.822 
0.198304 0.263884  -0.892 
-0.213918 -0.245147  -0.892 
-0.0395613 -0.197807  -0.904 
0.322789 0.181292  -0.842 
-0.366245 0.0376795  -0.861 
0.126404 -0.294942  -0.83 
-0.283115 -0.168696  -0.838 
0.341435 -0.100251  -0.83 
0.330844 -0.0514647  -0.84 
-0.309329 -0.0926417  -0.897 
-0.138268 0.196007  -0.868 
-0.00431673 -0.205764  -0.822 
0.108557 -0.108557  -0.785 
-0.299547 -0.262636  -0.811 
-0.263284 0.220589  -0.813 
0.35887 0.228108  -0.83 
-0.248809 0.0656367  -0.872 
-0.0229491 -0.00152994  -0.874 
0.280887 -0.0549885  -0.849 
-0.325885 0.144061  -0.799 
0.0622303 -0.230943  -0.79 
0.15239 0.0728821  -0.757 
0.14951 0.121397  -0.73 
0.153195 -0.0359675  -0.761 
0.408257 -0.122901  -0.807 
-0.298639 0.201619  -0.866 

---------------------Valori singulare---------------------------------
2.14286e+007   603319   322872   9330.46   110.776   19.5158   2.82483   1.0955   0.36548   0.0647042   0.012014   0.0021746   
----------------------Vectori valori singulare-----------------------------
0.000138721   -4.57961e-005   0.00114771   -0.00134812   -1.50695e-005   5.18219e-005   0.000748967   -0.00088099   -0.0870798   -0.00478038   -0.646206   0.758161   


-0.00148257   0.000598814   -0.000150666   0.000148524   -0.00127235   0.000482085   0.00290841   -0.00348835   0.895176   -0.438939   -0.0394553   0.0664141   


-0.000734267   -0.00172813   0.00240718   -0.00292841   -0.001026   -0.00086817   0.000426921   -0.000561063   0.436218   0.898084   0.000311775   0.0560211   


0.000359463   0.00016487   -0.0028304   0.000350013   -0.000743944   0.000932229   -0.00168917   -3.66882e-005   -0.0276555   -0.0271336   0.762133   0.64625   


-0.0384036   0.00850546   0.374681   -0.442151   -0.00967749   0.0315773   -0.526565   0.619832   0.00262708   -0.0030991   0.000152445   0.000304348   


0.254852   -0.060964   -0.484721   0.580569   -0.176379   0.184536   -0.351687   0.41285   0.00349994   0.00197671   -0.00326688   0.000156819   


-0.375482   -0.270902   -0.0959405   0.0923498   0.770998   0.409592   -0.0320649   0.0682542   0.00100599   0.000552763   -0.00024037   0.000374255   


-0.467231   -0.431145   0.0422331   -0.0520509   -0.606013   0.4645   0.0661841   -0.0625855   -0.00231392   -0.000645197   -9.47641e-005   -0.000629549   


-0.345828   0.856171   -0.0893764   0.0191781   -0.0749851   0.360245   0.037568   0.0469361   -0.000365805   0.00213228   -0.000544524   -0.000216981   


-0.112528   -0.060829   -0.44176   -0.305456   -0.0159986   -0.194058   0.591132   0.554825   4.32615e-005   -0.000193895   -3.90626e-005   0.000186653   


-0.115292   0.0133221   0.617379   0.575455   -0.00330964   -0.105267   0.37299   0.352145   -2.26206e-005   8.11808e-007   0.00169282   0.00159867   


0.654774   0.00531299   0.171345   -0.17713   0.0348372   0.634748   0.321957   0.052283   7.75103e-005   2.76164e-005   0.000708297   -0.000381041   



----------------------ProjMV----------------------------------
0.654774 0.00531299 0.171345 -0.17713 
0.0348372 0.634748 0.321957 0.052283 
7.75103e-005 2.76164e-005 0.000708297 -0.000381041 

---------------Scaled ProjMV--------------------
918.258 7.45097 240.295 -248.409 
48.8559 890.174 451.514 73.322 
0.108701 0.0387294 0.99332 -0.534373 
Q1 = [918.2579037908769;
 7.450967096081165;
 240.295113680473]
Q2 = [48.85593877562872;
 890.1742552560435;
 451.5136901011152]
Q3 = [0.1087008686886019;
 0.03872936140809825;
 0.9933197660931067]
-----------------------------------------------------------------

aMat = [998661.7198230255]
----------------------------u0 v0 a b------------------------
u0 = 338.794
v0 = 488.284
a = 886.687
b = 871.918
-------------------------RotMatrix------------------------------------
-0.994072  0.00639493  0.108534  
0.00484101  -0.99925  0.0384308  
0.108701  0.0387294  0.99332  

-------------------------t------------------------------------
-0.0759753  0.383348  -0.534373

-------------------------IntMat ProjMat------------------------------------
[-886.6868314851362, 0, -338.7938891341507, 0;
 0, -871.9176678729881, -488.2840364725793, 0;
 0, 0, 8.849462365591394, -7.190107526881719;
 0, 0, -1, 0]
projection :
[1, 0, 0, 0;
 0, 1.333333333333333, 0, 0;
 0, 0, -1.002002002002002, -0.2002002002002002;
 0, 0, -1, 0]

-------------------------ExtMat ModelView------------------------------------
-0.994072f,  0.00639493f,  0.108534f,  -0.0759753f,  
0.00484101f,  -0.99925f,  0.0384308f,  0.383348f,  
0.108701f,  0.0387294f,  0.99332f,  -0.534373f,  
0f,  0f,  0f,  1f,  

-------------------------ExtMat ModelView transposed------------------------------------
[-0.9940721824629699, 0.004841007713508636, 0.1087008686886019, 0;
 0.00639493412747901, -0.9992495374742293, 0.03872936140809825, 0;
 0.1085338696942729, 0.03843080147299682, 0.9933197660931067, 0;
 -0.07597529627116684, 0.3833480997480321, -0.5343734150567543, 1]mvp
[-0.9940721824629699, 0.004841007713508636, 0.1087008686886019, 0;
 0.008526578836638678, -1.332332716632306, 0.05163914854413099, 0;
 -0.03277585844751904, -0.4218558397625164, -0.4609349791966989, -1;
 -0.02172850244129588, -0.007693854148748112, -0.198862816034656, 0]